PortNum:5
DeckNum:1
LaneNum_each_deck:
4 
Length_each_lane:
10 
18 
18 
10 
OrderNum:25
SpotOrderNum:8
Information_each_order:
8  1   2.0   3   4
9  2   6.0   3   5
5  2   6.0   2   5
10  1   2.0   4   5
8  1   2.0   3   4
10  1   2.0   1   4
6  2   6.0   4   5
9  1   2.0   3   5
5  2   6.0   1   2
8  1   2.0   1   2
3  1   2.0   1   3
1  3   15.0   1   4
4  1   2.0   1   4
2  3   15.0   1   5
5  1   2.0   1   5
4  2   6.0   2   3
8  1   2.0   2   3
1  1   2.0   2   4
1  1   2.0   2   5
1  2   6.0   3   4
8  1   2.0   3   4
1  3   15.0   3   5
6  1   2.0   3   5
4  2   6.0   4   5
10  1   2.0   4   5
ShiftingCost_each_order:
20.0 
46.0 
50.0 
24.0 
22.0 
28.0 
44.0 
25.0 
50.0 
25.0 
23.0 
84.0 
25.0 
87.0 
28.0 
52.0 
30.0 
26.0 
27.0 
54.0 
26.0 
63.0 
30.0 
54.0 
22.0 
Revenue_each_spotorder
232.0 
522.0 
290.0 
340.0 
240.0 
270.0 
312.0 
315.0 
epsilon
0.7 
0.7 
0.7 
0.7 
