PortNum:5
DeckNum:1
LaneNum_each_deck:
4 
Length_each_lane:
10 
18 
18 
10 
OrderNum:24
SpotOrderNum:8
Information_each_order:
7  1   2.0   4   5
9  1   2.0   1   4
9  2   6.0   2   5
7  1   2.0   4   5
9  1   2.0   4   5
9  2   6.0   1   2
8  2   6.0   2   5
10  1   2.0   1   5
5  2   6.0   1   2
3  1   2.0   1   2
3  1   2.0   1   3
1  3   15.0   1   4
1  1   2.0   1   4
4  2   6.0   1   5
11  1   2.0   1   5
3  2   6.0   2   3
1  1   2.0   2   3
2  1   2.0   2   4
1  3   15.0   2   5
1  1   2.0   2   5
2  1   2.0   3   4
1  3   15.0   3   5
5  1   2.0   3   5
8  1   2.0   4   5
ShiftingCost_each_order:
30.0 
28.0 
50.0 
25.0 
29.0 
48.0 
48.0 
20.0 
42.0 
25.0 
30.0 
72.0 
29.0 
54.0 
22.0 
42.0 
20.0 
22.0 
63.0 
22.0 
20.0 
66.0 
28.0 
23.0 
Revenue_each_spotorder
273.0 
306.0 
648.0 
259.0 
342.0 
450.0 
512.0 
250.0 
epsilon
0.7 
0.7 
0.7 
0.7 
