PortNum:5
DeckNum:1
LaneNum_each_deck:
4 
Length_each_lane:
10 
18 
18 
10 
OrderNum:21
SpotOrderNum:8
Information_each_order:
7  1   2.0   1   5
6  1   2.0   3   5
5  2   6.0   4   5
5  1   2.0   1   3
10  1   2.0   1   4
7  2   6.0   4   5
9  1   2.0   1   2
9  2   6.0   4   5
3  2   6.0   1   2
2  1   2.0   1   2
5  3   15.0   1   3
13  1   2.0   1   3
3  1   2.0   1   5
2  1   2.0   2   3
2  1   2.0   2   4
4  1   2.0   2   5
3  2   6.0   3   4
7  1   2.0   3   4
17  1   2.0   3   5
4  2   6.0   4   5
7  1   2.0   4   5
ShiftingCost_each_order:
22.0 
29.0 
54.0 
26.0 
24.0 
40.0 
25.0 
56.0 
48.0 
24.0 
78.0 
28.0 
20.0 
26.0 
26.0 
26.0 
56.0 
24.0 
28.0 
52.0 
30.0 
Revenue_each_spotorder
273.0 
240.0 
350.0 
190.0 
310.0 
378.0 
315.0 
558.0 
epsilon
0.7 
0.7 
0.7 
0.7 
