PortNum:5
DeckNum:2
LaneNum_each_deck:
4 
7 
Length_each_lane:
10 
18 
18 
10 
25 
25 
30 
30 
30 
25 
25 
OrderNum:20
SpotOrderNum:5
Information_each_order:
5  1   2.0   1   2
7  2   6.0   1   3
7  1   2.0   3   5
7  1   2.0   4   5
5  1   2.0   2   5
2  2   6.0   1   2
30  1   2.0   1   2
22  1   2.0   1   3
38  2   6.0   1   4
35  1   2.0   1   4
1  3   15.0   1   5
2  1   2.0   1   5
1  3   15.0   2   4
11  2   6.0   2   5
9  1   2.0   2   5
1  2   6.0   3   4
5  2   6.0   3   5
10  1   2.0   3   5
12  3   15.0   4   5
80  1   2.0   4   5
ShiftingCost_each_order:
25.0 
52.0 
28.0 
22.0 
26.0 
56.0 
27.0 
26.0 
58.0 
20.0 
72.0 
23.0 
60.0 
44.0 
28.0 
48.0 
54.0 
21.0 
75.0 
28.0 
Revenue_each_spotorder
195.0 
392.0 
238.0 
280.0 
200.0 
epsilon
0.7 
0.7 
0.7 
0.7 
