PortNum:5
DeckNum:2
LaneNum_each_deck:
4 
7 
Length_each_lane:
10 
18 
18 
10 
25 
25 
30 
30 
30 
25 
25 
OrderNum:24
SpotOrderNum:5
Information_each_order:
7  1   2.0   4   5
10  2   6.0   4   5
7  2   6.0   2   4
7  1   2.0   1   2
7  1   2.0   1   2
5  3   15.0   1   2
50  1   2.0   1   2
13  2   6.0   1   3
8  1   2.0   1   3
4  3   15.0   1   4
2  1   2.0   1   4
1  3   15.0   1   5
56  1   2.0   1   5
8  2   6.0   2   3
32  1   2.0   2   3
1  3   15.0   2   4
1  1   2.0   2   4
2  3   15.0   2   5
7  1   2.0   2   5
6  1   2.0   3   4
20  2   6.0   3   5
36  1   2.0   3   5
5  3   15.0   4   5
9  1   2.0   4   5
ShiftingCost_each_order:
29.0 
50.0 
58.0 
28.0 
30.0 
60.0 
25.0 
60.0 
20.0 
63.0 
26.0 
87.0 
29.0 
50.0 
29.0 
75.0 
22.0 
90.0 
23.0 
20.0 
40.0 
27.0 
75.0 
24.0 
Revenue_each_spotorder
280.0 
720.0 
350.0 
231.0 
196.0 
epsilon
0.7 
0.7 
0.7 
0.7 
