PortNum:5
DeckNum:2
LaneNum_each_deck:
4 
7 
Length_each_lane:
10 
18 
18 
10 
25 
25 
30 
30 
30 
25 
25 
OrderNum:24
SpotOrderNum:5
Information_each_order:
6  2   6.0   3   5
10  2   6.0   4   5
8  1   2.0   3   5
6  1   2.0   4   5
5  2   6.0   2   4
17  2   6.0   1   2
5  1   2.0   1   2
1  3   15.0   1   3
118  1   2.0   1   3
1  3   15.0   1   4
4  1   2.0   1   4
1  3   15.0   1   5
2  1   2.0   1   5
2  3   15.0   2   3
18  1   2.0   2   3
2  1   2.0   2   4
1  3   15.0   2   5
10  1   2.0   2   5
5  3   15.0   3   4
3  1   2.0   3   4
40  3   15.0   3   5
7  1   2.0   3   5
4  2   6.0   4   5
19  1   2.0   4   5
ShiftingCost_each_order:
54.0 
42.0 
26.0 
20.0 
54.0 
56.0 
21.0 
63.0 
20.0 
66.0 
20.0 
75.0 
30.0 
84.0 
30.0 
26.0 
72.0 
20.0 
69.0 
20.0 
81.0 
27.0 
52.0 
21.0 
Revenue_each_spotorder
444.0 
540.0 
296.0 
156.0 
320.0 
epsilon
0.7 
0.7 
0.7 
0.7 
