PortNum:5
DeckNum:2
LaneNum_each_deck:
4 
7 
Length_each_lane:
10 
18 
18 
10 
25 
25 
30 
30 
30 
25 
25 
OrderNum:27
SpotOrderNum:8
Information_each_order:
10  2   6.0   3   5
10  2   6.0   4   5
8  1   2.0   3   4
8  1   2.0   3   4
5  2   6.0   3   5
5  1   2.0   2   4
8  1   2.0   3   5
6  1   2.0   1   3
12  2   6.0   1   2
3  1   2.0   1   2
3  2   6.0   1   3
5  1   2.0   1   3
31  2   6.0   1   4
57  1   2.0   1   4
5  2   6.0   1   5
5  1   2.0   1   5
1  1   2.0   2   3
1  2   6.0   2   4
1  1   2.0   2   4
7  2   6.0   2   5
9  1   2.0   2   5
3  2   6.0   3   4
3  1   2.0   3   4
1  2   6.0   3   5
1  1   2.0   3   5
46  2   6.0   4   5
39  1   2.0   4   5
ShiftingCost_each_order:
52.0 
46.0 
26.0 
27.0 
56.0 
26.0 
23.0 
21.0 
60.0 
21.0 
52.0 
26.0 
54.0 
22.0 
42.0 
30.0 
25.0 
58.0 
28.0 
56.0 
27.0 
42.0 
30.0 
52.0 
25.0 
46.0 
21.0 
Revenue_each_spotorder
620.0 
680.0 
232.0 
232.0 
310.0 
185.0 
304.0 
186.0 
epsilon
0.7 
0.7 
0.7 
0.7 
