PortNum:5
DeckNum:2
LaneNum_each_deck:
4 
7 
Length_each_lane:
10 
18 
18 
10 
25 
25 
30 
30 
30 
25 
25 
OrderNum:24
SpotOrderNum:8
Information_each_order:
9  1   2.0   1   3
5  1   2.0   4   5
5  1   2.0   1   4
6  1   2.0   4   5
7  2   6.0   2   3
8  1   2.0   3   5
10  1   2.0   1   5
7  2   6.0   1   4
8  1   2.0   1   2
17  2   6.0   1   3
11  1   2.0   1   3
2  3   15.0   1   4
92  1   2.0   1   4
5  3   15.0   1   5
6  1   2.0   1   5
1  2   6.0   2   3
1  1   2.0   2   3
1  2   6.0   2   4
3  1   2.0   2   4
5  1   2.0   3   4
14  2   6.0   3   5
15  1   2.0   3   5
31  3   15.0   4   5
15  1   2.0   4   5
ShiftingCost_each_order:
24.0 
24.0 
20.0 
28.0 
46.0 
29.0 
27.0 
52.0 
24.0 
58.0 
20.0 
87.0 
27.0 
69.0 
30.0 
44.0 
28.0 
42.0 
24.0 
28.0 
50.0 
22.0 
69.0 
21.0 
Revenue_each_spotorder
243.0 
150.0 
165.0 
192.0 
392.0 
256.0 
260.0 
504.0 
epsilon
0.7 
0.7 
0.7 
0.7 
