PortNum:5
DeckNum:2
LaneNum_each_deck:
4 
7 
Length_each_lane:
10 
18 
18 
10 
25 
25 
30 
30 
30 
25 
25 
OrderNum:24
SpotOrderNum:8
Information_each_order:
7  1   2.0   4   5
8  2   6.0   4   5
9  2   6.0   4   5
9  2   6.0   4   5
9  2   6.0   4   5
6  2   6.0   1   2
5  2   6.0   3   5
9  2   6.0   3   5
5  1   2.0   1   2
3  2   6.0   1   3
60  1   2.0   1   3
1  3   15.0   1   4
6  1   2.0   1   4
28  3   15.0   1   5
8  1   2.0   1   5
1  1   2.0   2   3
1  3   15.0   2   4
1  1   2.0   2   4
2  3   15.0   3   4
1  1   2.0   3   4
7  2   6.0   3   5
46  1   2.0   3   5
4  2   6.0   4   5
12  1   2.0   4   5
ShiftingCost_each_order:
27.0 
40.0 
44.0 
50.0 
56.0 
56.0 
54.0 
44.0 
28.0 
50.0 
30.0 
66.0 
29.0 
90.0 
22.0 
20.0 
75.0 
27.0 
66.0 
24.0 
56.0 
25.0 
40.0 
28.0 
Revenue_each_spotorder
196.0 
624.0 
558.0 
648.0 
540.0 
420.0 
250.0 
666.0 
epsilon
0.7 
0.7 
0.7 
0.7 
