PortNum:5
DeckNum:2
LaneNum_each_deck:
4 
7 
Length_each_lane:
10 
18 
18 
10 
25 
25 
30 
30 
30 
25 
25 
OrderNum:29
SpotOrderNum:11
Information_each_order:
6  2   6.0   2   5
10  2   6.0   4   5
10  1   2.0   4   5
9  1   2.0   3   4
5  2   6.0   3   4
10  2   6.0   4   5
9  2   6.0   4   5
6  2   6.0   3   4
8  1   2.0   4   5
6  2   6.0   4   5
7  2   6.0   1   2
12  2   6.0   1   2
25  1   2.0   1   2
2  3   15.0   1   3
23  1   2.0   1   3
5  3   15.0   1   4
20  1   2.0   1   4
9  2   6.0   1   5
41  1   2.0   1   5
4  2   6.0   2   3
14  1   2.0   2   3
6  3   15.0   2   4
5  1   2.0   2   4
4  1   2.0   2   5
9  1   2.0   3   4
5  3   15.0   3   5
27  1   2.0   3   5
17  2   6.0   4   5
33  1   2.0   4   5
ShiftingCost_each_order:
46.0 
42.0 
21.0 
30.0 
58.0 
42.0 
56.0 
48.0 
28.0 
56.0 
42.0 
44.0 
20.0 
87.0 
28.0 
78.0 
25.0 
46.0 
23.0 
48.0 
22.0 
81.0 
24.0 
30.0 
24.0 
87.0 
23.0 
60.0 
22.0 
Revenue_each_spotorder
372.0 
560.0 
250.0 
315.0 
310.0 
660.0 
450.0 
312.0 
296.0 
432.0 
406.0 
epsilon
0.7 
0.7 
0.7 
0.7 
