PortNum:5
DeckNum:2
LaneNum_each_deck:
4 
7 
Length_each_lane:
10 
18 
18 
10 
25 
25 
30 
30 
30 
25 
25 
OrderNum:25
SpotOrderNum:11
Information_each_order:
10  1   2.0   2   3
7  2   6.0   1   4
9  1   2.0   4   5
5  1   2.0   4   5
9  1   2.0   4   5
10  1   2.0   4   5
10  2   6.0   3   5
7  2   6.0   3   4
6  2   6.0   4   5
7  1   2.0   4   5
5  1   2.0   2   3
5  1   2.0   1   2
25  2   6.0   1   3
28  1   2.0   1   3
9  3   15.0   1   4
58  1   2.0   1   4
4  1   2.0   1   5
2  1   2.0   2   4
3  1   2.0   2   5
1  2   6.0   3   4
54  1   2.0   3   4
8  2   6.0   3   5
6  1   2.0   3   5
26  3   15.0   4   5
65  1   2.0   4   5
ShiftingCost_each_order:
29.0 
58.0 
28.0 
23.0 
27.0 
29.0 
60.0 
58.0 
50.0 
30.0 
21.0 
27.0 
54.0 
29.0 
81.0 
20.0 
26.0 
27.0 
22.0 
56.0 
23.0 
40.0 
28.0 
63.0 
25.0 
Revenue_each_spotorder
330.0 
504.0 
234.0 
175.0 
252.0 
250.0 
800.0 
504.0 
480.0 
238.0 
175.0 
epsilon
0.7 
0.7 
0.7 
0.7 
