PortNum:5
DeckNum:2
LaneNum_each_deck:
4 
7 
Length_each_lane:
10 
18 
18 
10 
25 
25 
30 
30 
30 
25 
25 
OrderNum:21
SpotOrderNum:11
Information_each_order:
8  2   6.0   1   2
9  1   2.0   3   5
10  2   6.0   4   5
8  1   2.0   4   5
6  1   2.0   1   3
5  1   2.0   4   5
6  2   6.0   2   5
5  2   6.0   4   5
7  1   2.0   2   5
6  2   6.0   4   5
7  2   6.0   1   4
9  1   2.0   1   2
3  3   15.0   1   4
31  1   2.0   1   4
58  2   6.0   1   5
7  1   2.0   1   5
6  1   2.0   2   3
3  1   2.0   2   4
6  1   2.0   3   4
13  3   15.0   4   5
10  1   2.0   4   5
ShiftingCost_each_order:
46.0 
29.0 
58.0 
20.0 
25.0 
24.0 
50.0 
46.0 
30.0 
60.0 
44.0 
27.0 
78.0 
21.0 
58.0 
22.0 
21.0 
22.0 
28.0 
75.0 
21.0 
Revenue_each_spotorder
560.0 
234.0 
660.0 
288.0 
234.0 
200.0 
432.0 
330.0 
280.0 
384.0 
364.0 
epsilon
0.7 
0.7 
0.7 
0.7 
