PortNum:5
DeckNum:4
LaneNum_each_deck:
4 
4 
4 
7 
Length_each_lane:
10 
18 
18 
10 
10 
18 
18 
10 
10 
18 
18 
10 
25 
25 
30 
30 
30 
25 
25 
OrderNum:38
SpotOrderNum:19
Information_each_order:
6  1   2.0   4   5
8  1   2.0   4   5
7  1   2.0   1   4
10  2   6.0   2   3
7  1   2.0   3   4
8  2   6.0   1   3
5  1   2.0   4   5
10  2   6.0   3   5
6  1   2.0   2   5
8  2   6.0   4   5
10  2   6.0   1   3
10  1   2.0   4   5
8  1   2.0   1   5
7  2   6.0   3   4
8  2   6.0   2   3
8  1   2.0   4   5
6  1   2.0   3   5
7  1   2.0   1   2
6  1   2.0   2   5
11  2   6.0   1   2
43  1   2.0   1   2
2  3   15.0   1   3
33  1   2.0   1   3
32  1   2.0   1   4
31  2   6.0   1   5
52  1   2.0   1   5
8  2   6.0   2   3
13  1   2.0   2   3
4  2   6.0   2   4
7  1   2.0   2   4
1  2   6.0   2   5
19  1   2.0   2   5
12  3   15.0   3   4
3  1   2.0   3   4
14  2   6.0   3   5
1  1   2.0   3   5
22  2   6.0   4   5
42  1   2.0   4   5
ShiftingCost_each_order:
23.0 
23.0 
29.0 
48.0 
23.0 
46.0 
30.0 
60.0 
25.0 
58.0 
52.0 
28.0 
25.0 
60.0 
52.0 
29.0 
30.0 
23.0 
22.0 
44.0 
22.0 
69.0 
26.0 
20.0 
50.0 
20.0 
46.0 
30.0 
60.0 
28.0 
40.0 
25.0 
87.0 
23.0 
52.0 
26.0 
52.0 
25.0 
Revenue_each_spotorder
234.0 
296.0 
224.0 
700.0 
231.0 
432.0 
170.0 
760.0 
240.0 
592.0 
560.0 
270.0 
232.0 
476.0 
624.0 
304.0 
192.0 
245.0 
240.0 
epsilon
0.7 
0.7 
0.7 
0.7 
