PortNum:5
DeckNum:4
LaneNum_each_deck:
4 
4 
4 
7 
Length_each_lane:
10 
18 
18 
10 
10 
18 
18 
10 
10 
18 
18 
10 
25 
25 
30 
30 
30 
25 
25 
OrderNum:33
SpotOrderNum:19
Information_each_order:
8  1   2.0   2   4
5  2   6.0   2   5
6  1   2.0   4   5
9  1   2.0   3   5
5  1   2.0   2   3
10  2   6.0   2   3
8  2   6.0   2   3
9  2   6.0   3   4
10  1   2.0   1   3
8  2   6.0   3   5
8  1   2.0   1   3
7  1   2.0   2   4
6  2   6.0   2   4
10  1   2.0   3   5
10  2   6.0   4   5
9  2   6.0   1   5
7  2   6.0   1   5
9  1   2.0   1   2
7  2   6.0   4   5
1  1   2.0   1   2
20  2   6.0   1   3
55  1   2.0   1   3
2  3   15.0   1   4
9  1   2.0   1   4
5  2   6.0   1   5
129  1   2.0   1   5
1  1   2.0   2   3
2  3   15.0   3   4
28  1   2.0   3   4
8  3   15.0   3   5
38  1   2.0   3   5
8  3   15.0   4   5
25  1   2.0   4   5
ShiftingCost_each_order:
30.0 
50.0 
30.0 
25.0 
30.0 
52.0 
40.0 
54.0 
27.0 
60.0 
29.0 
29.0 
56.0 
27.0 
44.0 
40.0 
40.0 
20.0 
44.0 
21.0 
46.0 
24.0 
78.0 
27.0 
46.0 
21.0 
20.0 
87.0 
24.0 
72.0 
29.0 
63.0 
30.0 
Revenue_each_spotorder
288.0 
390.0 
162.0 
288.0 
140.0 
540.0 
400.0 
504.0 
380.0 
432.0 
256.0 
189.0 
372.0 
250.0 
680.0 
450.0 
518.0 
252.0 
378.0 
epsilon
0.7 
0.7 
0.7 
0.7 
