PortNum:5
DeckNum:4
LaneNum_each_deck:
4 
4 
4 
7 
Length_each_lane:
10 
18 
18 
10 
10 
18 
18 
10 
10 
18 
18 
10 
25 
25 
30 
30 
30 
25 
25 
OrderNum:38
SpotOrderNum:19
Information_each_order:
9  1   2.0   3   5
5  1   2.0   4   5
5  2   6.0   2   5
5  1   2.0   3   5
5  2   6.0   3   5
7  2   6.0   2   4
10  2   6.0   2   5
6  2   6.0   4   5
7  1   2.0   4   5
10  2   6.0   2   4
7  2   6.0   2   3
8  1   2.0   4   5
7  2   6.0   4   5
8  1   2.0   1   4
6  1   2.0   4   5
8  2   6.0   4   5
5  1   2.0   4   5
8  1   2.0   3   4
7  2   6.0   2   3
60  2   6.0   1   2
25  1   2.0   1   2
2  3   15.0   1   3
13  1   2.0   1   3
25  3   15.0   1   4
6  1   2.0   1   4
2  2   6.0   1   5
1  1   2.0   1   5
14  2   6.0   2   3
14  1   2.0   2   3
1  3   15.0   2   4
3  1   2.0   2   4
47  2   6.0   2   5
3  1   2.0   2   5
6  3   15.0   3   4
37  1   2.0   3   4
6  1   2.0   3   5
36  3   15.0   4   5
34  1   2.0   4   5
ShiftingCost_each_order:
22.0 
29.0 
60.0 
26.0 
54.0 
40.0 
48.0 
40.0 
21.0 
46.0 
50.0 
20.0 
56.0 
24.0 
29.0 
52.0 
22.0 
20.0 
54.0 
54.0 
22.0 
63.0 
21.0 
72.0 
24.0 
56.0 
20.0 
60.0 
20.0 
78.0 
30.0 
46.0 
21.0 
84.0 
20.0 
26.0 
60.0 
24.0 
Revenue_each_spotorder
288.0 
190.0 
320.0 
125.0 
270.0 
546.0 
780.0 
456.0 
266.0 
580.0 
406.0 
208.0 
350.0 
208.0 
168.0 
608.0 
160.0 
200.0 
490.0 
epsilon
0.7 
0.7 
0.7 
0.7 
