PortNum:5
DeckNum:4
LaneNum_each_deck:
4 
4 
4 
7 
Length_each_lane:
10 
18 
18 
10 
10 
18 
18 
10 
10 
18 
18 
10 
25 
25 
30 
30 
30 
25 
25 
OrderNum:39
SpotOrderNum:21
Information_each_order:
9  1   2.0   1   3
9  2   6.0   2   5
7  1   2.0   4   5
10  2   6.0   2   4
6  2   6.0   2   5
10  2   6.0   2   5
8  1   2.0   1   2
10  1   2.0   3   5
6  1   2.0   2   3
8  1   2.0   4   5
5  2   6.0   3   4
8  1   2.0   1   3
9  1   2.0   2   3
5  1   2.0   1   3
6  1   2.0   4   5
6  1   2.0   4   5
7  1   2.0   1   4
8  2   6.0   2   3
10  2   6.0   1   4
7  1   2.0   3   5
7  1   2.0   2   5
22  3   15.0   1   2
23  1   2.0   1   2
22  2   6.0   1   3
15  1   2.0   1   3
3  2   6.0   1   4
12  1   2.0   1   4
5  2   6.0   1   5
74  1   2.0   1   5
1  3   15.0   2   3
2  1   2.0   2   3
6  3   15.0   2   4
6  1   2.0   2   4
22  2   6.0   2   5
16  1   2.0   2   5
18  3   15.0   3   5
10  1   2.0   3   5
12  3   15.0   4   5
6  1   2.0   4   5
ShiftingCost_each_order:
30.0 
44.0 
28.0 
56.0 
46.0 
48.0 
27.0 
30.0 
29.0 
26.0 
60.0 
29.0 
24.0 
24.0 
26.0 
21.0 
26.0 
50.0 
48.0 
20.0 
21.0 
60.0 
26.0 
42.0 
22.0 
54.0 
24.0 
56.0 
20.0 
84.0 
27.0 
69.0 
21.0 
54.0 
25.0 
72.0 
30.0 
72.0 
26.0 
Revenue_each_spotorder
243.0 
720.0 
217.0 
500.0 
348.0 
640.0 
208.0 
350.0 
222.0 
216.0 
380.0 
272.0 
306.0 
155.0 
150.0 
204.0 
259.0 
624.0 
580.0 
259.0 
196.0 
epsilon
0.7 
0.7 
0.7 
0.7 
