PortNum:5
DeckNum:4
LaneNum_each_deck:
4 
4 
4 
7 
Length_each_lane:
10 
18 
18 
10 
10 
18 
18 
10 
10 
18 
18 
10 
25 
25 
30 
30 
30 
25 
25 
OrderNum:40
SpotOrderNum:21
Information_each_order:
9  2   6.0   4   5
5  1   2.0   2   5
9  1   2.0   3   4
7  1   2.0   3   5
6  1   2.0   3   5
9  1   2.0   4   5
5  2   6.0   3   5
8  1   2.0   4   5
6  2   6.0   2   3
7  1   2.0   4   5
10  1   2.0   4   5
7  2   6.0   4   5
5  1   2.0   3   4
7  2   6.0   2   4
9  2   6.0   2   3
8  2   6.0   1   5
8  1   2.0   1   2
5  2   6.0   1   3
8  1   2.0   2   3
8  1   2.0   1   2
9  2   6.0   4   5
5  2   6.0   1   2
37  1   2.0   1   2
8  3   15.0   1   3
16  1   2.0   1   3
19  3   15.0   1   4
100  1   2.0   1   4
6  1   2.0   1   5
2  3   15.0   2   3
5  1   2.0   2   3
1  3   15.0   2   4
20  1   2.0   2   4
4  2   6.0   2   5
5  1   2.0   2   5
4  2   6.0   3   4
16  1   2.0   3   4
3  3   15.0   3   5
18  1   2.0   3   5
53  3   15.0   4   5
45  1   2.0   4   5
ShiftingCost_each_order:
42.0 
24.0 
29.0 
29.0 
30.0 
26.0 
42.0 
26.0 
50.0 
20.0 
27.0 
60.0 
27.0 
54.0 
58.0 
52.0 
29.0 
52.0 
29.0 
20.0 
54.0 
50.0 
28.0 
69.0 
29.0 
72.0 
22.0 
24.0 
75.0 
26.0 
69.0 
21.0 
56.0 
20.0 
50.0 
21.0 
66.0 
26.0 
81.0 
25.0 
Revenue_each_spotorder
558.0 
175.0 
360.0 
259.0 
156.0 
342.0 
270.0 
296.0 
396.0 
259.0 
330.0 
378.0 
160.0 
518.0 
648.0 
496.0 
304.0 
390.0 
232.0 
320.0 
702.0 
epsilon
0.7 
0.7 
0.7 
0.7 
