PortNum:5
DeckNum:4
LaneNum_each_deck:
4 
4 
4 
7 
Length_each_lane:
10 
18 
18 
10 
10 
18 
18 
10 
10 
18 
18 
10 
25 
25 
30 
30 
30 
25 
25 
OrderNum:36
SpotOrderNum:21
Information_each_order:
6  1   2.0   3   5
5  1   2.0   2   4
10  2   6.0   4   5
8  1   2.0   3   5
9  2   6.0   2   3
8  2   6.0   2   3
7  2   6.0   2   5
7  1   2.0   1   3
8  1   2.0   1   3
10  1   2.0   2   3
9  2   6.0   1   3
5  1   2.0   1   5
10  2   6.0   1   3
8  2   6.0   1   4
5  2   6.0   2   3
6  2   6.0   2   3
9  1   2.0   1   3
5  1   2.0   2   5
6  1   2.0   3   5
9  2   6.0   2   3
5  1   2.0   1   2
15  1   2.0   1   2
10  3   15.0   1   3
38  1   2.0   1   3
36  1   2.0   1   4
24  2   6.0   1   5
83  1   2.0   1   5
3  2   6.0   2   3
2  1   2.0   2   3
7  1   2.0   2   5
2  2   6.0   3   4
7  1   2.0   3   4
1  2   6.0   3   5
63  1   2.0   3   5
3  3   15.0   4   5
38  1   2.0   4   5
ShiftingCost_each_order:
23.0 
26.0 
56.0 
20.0 
52.0 
56.0 
56.0 
22.0 
29.0 
30.0 
42.0 
21.0 
58.0 
40.0 
56.0 
52.0 
29.0 
20.0 
23.0 
50.0 
21.0 
29.0 
75.0 
21.0 
28.0 
48.0 
22.0 
58.0 
23.0 
24.0 
52.0 
29.0 
54.0 
26.0 
87.0 
25.0 
Revenue_each_spotorder
204.0 
160.0 
660.0 
216.0 
468.0 
416.0 
392.0 
210.0 
288.0 
390.0 
540.0 
200.0 
580.0 
448.0 
350.0 
468.0 
306.0 
140.0 
156.0 
468.0 
195.0 
epsilon
0.7 
0.7 
0.7 
0.7 
