PortNum:5
DeckNum:4
LaneNum_each_deck:
4 
4 
4 
7 
Length_each_lane:
10 
18 
18 
10 
10 
18 
18 
10 
10 
18 
18 
10 
25 
25 
30 
30 
30 
25 
25 
OrderNum:42
SpotOrderNum:23
Information_each_order:
9  2   6.0   4   5
7  2   6.0   3   4
7  1   2.0   3   5
8  1   2.0   1   3
7  2   6.0   3   5
10  1   2.0   4   5
6  2   6.0   1   3
10  2   6.0   2   4
5  1   2.0   2   5
10  1   2.0   2   4
6  2   6.0   4   5
10  1   2.0   3   4
10  2   6.0   4   5
6  2   6.0   2   4
9  1   2.0   4   5
7  1   2.0   1   2
10  2   6.0   4   5
7  2   6.0   3   4
8  1   2.0   2   5
8  2   6.0   2   3
10  2   6.0   4   5
9  2   6.0   3   5
10  1   2.0   2   4
2  3   15.0   1   2
24  1   2.0   1   2
16  3   15.0   1   3
38  1   2.0   1   3
5  2   6.0   1   4
99  1   2.0   1   4
10  2   6.0   1   5
5  1   2.0   1   5
1  2   6.0   2   3
4  3   15.0   2   4
5  1   2.0   2   4
2  3   15.0   2   5
5  1   2.0   2   5
2  3   15.0   3   4
12  1   2.0   3   4
29  2   6.0   3   5
12  1   2.0   3   5
33  3   15.0   4   5
45  1   2.0   4   5
ShiftingCost_each_order:
60.0 
56.0 
29.0 
22.0 
60.0 
30.0 
48.0 
56.0 
21.0 
21.0 
56.0 
26.0 
56.0 
58.0 
20.0 
20.0 
54.0 
58.0 
29.0 
50.0 
42.0 
40.0 
25.0 
66.0 
29.0 
81.0 
30.0 
60.0 
23.0 
52.0 
24.0 
60.0 
72.0 
21.0 
60.0 
21.0 
60.0 
21.0 
42.0 
30.0 
72.0 
24.0 
Revenue_each_spotorder
702.0 
392.0 
252.0 
296.0 
364.0 
280.0 
372.0 
580.0 
140.0 
340.0 
348.0 
320.0 
660.0 
384.0 
333.0 
196.0 
560.0 
448.0 
256.0 
512.0 
800.0 
468.0 
310.0 
epsilon
0.7 
0.7 
0.7 
0.7 
