PortNum:5
DeckNum:4
LaneNum_each_deck:
4 
4 
4 
7 
Length_each_lane:
10 
18 
18 
10 
10 
18 
18 
10 
10 
18 
18 
10 
25 
25 
30 
30 
30 
25 
25 
OrderNum:41
SpotOrderNum:23
Information_each_order:
6  1   2.0   4   5
10  1   2.0   2   3
9  2   6.0   3   4
7  2   6.0   4   5
9  1   2.0   4   5
7  2   6.0   2   4
10  1   2.0   3   4
10  1   2.0   1   3
9  1   2.0   1   5
10  2   6.0   3   5
8  1   2.0   1   4
10  2   6.0   2   5
9  2   6.0   2   4
8  2   6.0   3   5
7  1   2.0   1   2
7  2   6.0   2   4
9  2   6.0   3   5
9  2   6.0   4   5
6  2   6.0   2   3
6  2   6.0   3   5
9  1   2.0   3   5
8  1   2.0   4   5
6  1   2.0   4   5
7  2   6.0   1   2
1  1   2.0   1   2
56  2   6.0   1   3
75  1   2.0   1   3
8  2   6.0   1   4
8  1   2.0   1   4
7  3   15.0   1   5
3  1   2.0   1   5
1  3   15.0   2   3
5  1   2.0   2   3
3  2   6.0   2   4
1  1   2.0   2   4
79  2   6.0   3   4
4  1   2.0   3   4
4  3   15.0   3   5
21  1   2.0   3   5
38  2   6.0   4   5
117  1   2.0   4   5
ShiftingCost_each_order:
22.0 
28.0 
56.0 
40.0 
21.0 
52.0 
25.0 
30.0 
22.0 
48.0 
27.0 
52.0 
60.0 
56.0 
30.0 
50.0 
58.0 
60.0 
60.0 
50.0 
30.0 
30.0 
30.0 
52.0 
28.0 
54.0 
20.0 
46.0 
29.0 
63.0 
24.0 
75.0 
20.0 
58.0 
22.0 
56.0 
28.0 
81.0 
20.0 
58.0 
27.0 
Revenue_each_spotorder
186.0 
360.0 
576.0 
518.0 
252.0 
490.0 
250.0 
370.0 
252.0 
700.0 
248.0 
800.0 
720.0 
448.0 
245.0 
532.0 
648.0 
630.0 
480.0 
324.0 
360.0 
296.0 
222.0 
epsilon
0.7 
0.7 
0.7 
0.7 
