PortNum:5
DeckNum:4
LaneNum_each_deck:
4 
4 
4 
7 
Length_each_lane:
10 
18 
18 
10 
10 
18 
18 
10 
10 
18 
18 
10 
25 
25 
30 
30 
30 
25 
25 
OrderNum:40
SpotOrderNum:23
Information_each_order:
10  2   6.0   3   4
6  1   2.0   1   3
5  2   6.0   4   5
8  1   2.0   2   3
5  1   2.0   4   5
9  2   6.0   2   3
5  1   2.0   3   4
5  2   6.0   4   5
6  1   2.0   4   5
8  2   6.0   2   5
10  1   2.0   3   4
10  2   6.0   2   4
7  1   2.0   4   5
7  2   6.0   2   4
10  2   6.0   1   4
6  1   2.0   3   5
9  1   2.0   2   3
5  2   6.0   4   5
5  1   2.0   2   5
9  1   2.0   1   2
10  1   2.0   3   5
6  1   2.0   4   5
5  1   2.0   2   3
8  2   6.0   1   2
18  1   2.0   1   2
40  2   6.0   1   3
40  1   2.0   1   3
3  2   6.0   1   4
37  1   2.0   1   4
3  3   15.0   1   5
44  1   2.0   1   5
17  1   2.0   2   3
6  2   6.0   2   4
1  1   2.0   2   4
4  1   2.0   2   5
2  1   2.0   3   4
23  2   6.0   3   5
89  1   2.0   3   5
26  2   6.0   4   5
6  1   2.0   4   5
ShiftingCost_each_order:
50.0 
25.0 
40.0 
24.0 
21.0 
58.0 
26.0 
50.0 
25.0 
58.0 
29.0 
50.0 
30.0 
42.0 
52.0 
30.0 
30.0 
52.0 
30.0 
20.0 
21.0 
29.0 
24.0 
46.0 
23.0 
40.0 
25.0 
48.0 
24.0 
81.0 
23.0 
27.0 
52.0 
27.0 
20.0 
27.0 
42.0 
28.0 
56.0 
29.0 
Revenue_each_spotorder
760.0 
204.0 
320.0 
256.0 
135.0 
540.0 
200.0 
390.0 
222.0 
432.0 
280.0 
680.0 
259.0 
434.0 
620.0 
180.0 
279.0 
330.0 
200.0 
333.0 
250.0 
180.0 
180.0 
epsilon
0.7 
0.7 
0.7 
0.7 
