PortNum:5
DeckNum:4
LaneNum_each_deck:
4 
4 
4 
7 
Length_each_lane:
10 
18 
18 
10 
10 
18 
18 
10 
10 
18 
18 
10 
25 
25 
30 
30 
30 
25 
25 
OrderNum:43
SpotOrderNum:25
Information_each_order:
6  1   2.0   3   4
7  2   6.0   2   5
5  1   2.0   1   5
5  1   2.0   2   3
10  2   6.0   3   5
8  1   2.0   2   3
9  1   2.0   3   4
9  2   6.0   4   5
10  2   6.0   2   3
5  1   2.0   3   5
9  1   2.0   4   5
6  2   6.0   3   4
7  1   2.0   4   5
6  2   6.0   4   5
5  2   6.0   2   3
6  1   2.0   4   5
8  2   6.0   4   5
5  1   2.0   1   3
10  1   2.0   3   4
7  2   6.0   3   4
6  1   2.0   3   5
10  1   2.0   4   5
8  1   2.0   1   5
10  1   2.0   2   3
6  1   2.0   4   5
30  2   6.0   1   2
9  1   2.0   1   2
4  1   2.0   1   3
31  2   6.0   1   4
16  1   2.0   1   4
17  3   15.0   1   5
48  1   2.0   1   5
7  2   6.0   2   3
3  1   2.0   2   3
15  3   15.0   2   4
4  1   2.0   2   4
3  1   2.0   2   5
1  3   15.0   3   4
2  1   2.0   3   4
5  3   15.0   3   5
1  1   2.0   3   5
4  3   15.0   4   5
120  1   2.0   4   5
ShiftingCost_each_order:
27.0 
46.0 
23.0 
27.0 
48.0 
20.0 
29.0 
50.0 
48.0 
24.0 
23.0 
56.0 
28.0 
44.0 
50.0 
29.0 
44.0 
28.0 
22.0 
60.0 
23.0 
30.0 
28.0 
24.0 
26.0 
58.0 
25.0 
29.0 
52.0 
28.0 
87.0 
22.0 
60.0 
30.0 
75.0 
20.0 
22.0 
72.0 
23.0 
69.0 
30.0 
60.0 
27.0 
Revenue_each_spotorder
180.0 
420.0 
185.0 
150.0 
520.0 
216.0 
234.0 
666.0 
640.0 
195.0 
306.0 
384.0 
203.0 
324.0 
380.0 
216.0 
416.0 
175.0 
340.0 
532.0 
156.0 
340.0 
312.0 
280.0 
234.0 
epsilon
0.7 
0.7 
0.7 
0.7 
