PortNum:5
DeckNum:4
LaneNum_each_deck:
4 
4 
4 
7 
Length_each_lane:
10 
18 
18 
10 
10 
18 
18 
10 
10 
18 
18 
10 
25 
25 
30 
30 
30 
25 
25 
OrderNum:44
SpotOrderNum:25
Information_each_order:
7  2   6.0   4   5
8  1   2.0   1   4
5  2   6.0   4   5
8  1   2.0   3   5
6  2   6.0   4   5
5  2   6.0   3   4
8  2   6.0   4   5
9  2   6.0   4   5
10  2   6.0   1   4
10  1   2.0   4   5
5  2   6.0   4   5
7  2   6.0   2   3
8  1   2.0   2   3
9  2   6.0   1   5
5  2   6.0   1   2
10  1   2.0   2   3
10  2   6.0   1   3
7  1   2.0   2   4
9  1   2.0   2   4
8  1   2.0   2   3
6  1   2.0   4   5
6  1   2.0   1   5
8  1   2.0   4   5
8  1   2.0   1   4
6  1   2.0   3   5
5  3   15.0   1   2
38  1   2.0   1   2
29  3   15.0   1   3
10  1   2.0   1   3
4  2   6.0   1   4
22  1   2.0   1   4
25  2   6.0   1   5
20  1   2.0   1   5
6  3   15.0   2   3
20  1   2.0   2   3
3  1   2.0   2   4
1  3   15.0   2   5
9  1   2.0   2   5
6  3   15.0   3   4
7  1   2.0   3   4
41  2   6.0   3   5
28  1   2.0   3   5
16  3   15.0   4   5
10  1   2.0   4   5
ShiftingCost_each_order:
56.0 
21.0 
42.0 
22.0 
46.0 
42.0 
58.0 
48.0 
48.0 
30.0 
58.0 
46.0 
30.0 
58.0 
42.0 
30.0 
52.0 
20.0 
27.0 
29.0 
28.0 
26.0 
24.0 
23.0 
20.0 
63.0 
25.0 
90.0 
23.0 
46.0 
30.0 
50.0 
29.0 
90.0 
27.0 
22.0 
81.0 
30.0 
81.0 
23.0 
50.0 
27.0 
90.0 
21.0 
Revenue_each_spotorder
420.0 
256.0 
340.0 
264.0 
480.0 
360.0 
464.0 
648.0 
640.0 
290.0 
250.0 
434.0 
208.0 
540.0 
310.0 
300.0 
500.0 
217.0 
252.0 
216.0 
198.0 
204.0 
256.0 
288.0 
186.0 
epsilon
0.7 
0.7 
0.7 
0.7 
