PortNum:5
DeckNum:4
LaneNum_each_deck:
4 
4 
4 
7 
Length_each_lane:
10 
18 
18 
10 
10 
18 
18 
10 
10 
18 
18 
10 
25 
25 
30 
30 
30 
25 
25 
OrderNum:40
SpotOrderNum:25
Information_each_order:
10  2   6.0   3   4
9  2   6.0   1   3
5  2   6.0   2   3
7  2   6.0   1   3
7  1   2.0   2   4
6  1   2.0   2   4
9  1   2.0   2   3
9  2   6.0   3   4
10  1   2.0   4   5
9  1   2.0   4   5
10  1   2.0   1   5
5  1   2.0   1   4
10  1   2.0   2   5
7  2   6.0   1   5
6  1   2.0   1   4
9  1   2.0   3   4
10  2   6.0   2   4
8  1   2.0   1   5
7  1   2.0   3   5
8  2   6.0   2   4
9  1   2.0   2   3
8  2   6.0   4   5
10  2   6.0   1   4
6  2   6.0   4   5
7  2   6.0   1   4
2  1   2.0   1   2
36  2   6.0   1   3
15  1   2.0   1   3
1  3   15.0   1   4
26  1   2.0   1   4
25  3   15.0   1   5
57  1   2.0   1   5
1  1   2.0   2   4
1  1   2.0   2   5
6  3   15.0   3   4
18  1   2.0   3   4
25  2   6.0   3   5
1  1   2.0   3   5
3  3   15.0   4   5
57  1   2.0   4   5
ShiftingCost_each_order:
56.0 
50.0 
50.0 
42.0 
30.0 
27.0 
20.0 
56.0 
27.0 
30.0 
21.0 
25.0 
30.0 
58.0 
21.0 
20.0 
54.0 
23.0 
30.0 
46.0 
29.0 
40.0 
50.0 
60.0 
40.0 
30.0 
40.0 
30.0 
63.0 
26.0 
69.0 
22.0 
20.0 
24.0 
69.0 
27.0 
58.0 
26.0 
84.0 
20.0 
Revenue_each_spotorder
800.0 
720.0 
400.0 
532.0 
280.0 
180.0 
351.0 
594.0 
380.0 
342.0 
390.0 
200.0 
330.0 
448.0 
162.0 
360.0 
580.0 
304.0 
189.0 
544.0 
252.0 
592.0 
520.0 
372.0 
546.0 
epsilon
0.7 
0.7 
0.7 
0.7 
