PortNum:5
LaneNum:7
Length_each_lane:
25 
25 
25 
25 
30 
30 
30 
OrderNum:31
SpotOrderNum:25
VehicleNum_each_Order:
4 
5 
4 
6 
7 
5 
4 
8 
4 
4 
6 
7 
7 
8 
5 
8 
8 
7 
4 
4 
6 
8 
8 
3 
5 
14 
15 
15 
12 
15 
11 
VehicleLength_each_Order:
3 
1 
1 
1 
1 
3 
2 
1 
2 
1 
3 
2 
3 
3 
2 
2 
2 
2 
3 
1 
1 
2 
2 
2 
1 
1 
2 
2 
1 
1 
3 
Origin_each_Order:
1 
2 
3 
2 
1 
1 
3 
3 
3 
1 
4 
2 
3 
4 
3 
2 
2 
1 
3 
3 
4 
2 
1 
1 
4 
3 
1 
4 
4 
4 
3 
Destination_each_Order:
5 
4 
4 
5 
2 
5 
5 
5 
4 
3 
5 
4 
4 
5 
5 
5 
3 
2 
5 
4 
5 
3 
4 
2 
5 
4 
3 
5 
5 
5 
4 
ShiftingCost_each_Order:
30.0 
7.0 
6.0 
6.0 
10.0 
27.0 
12.0 
10.0 
18.0 
6.0 
21.0 
16.0 
30.0 
18.0 
16.0 
12.0 
16.0 
14.0 
18.0 
6.0 
6.0 
14.0 
12.0 
20.0 
6.0 
8.0 
18.0 
12.0 
9.0 
9.0 
18.0 
Revenue_each_SpotOrder:
80.0 
75.0 
64.0 
108.0 
119.0 
85.0 
68.0 
128.0 
80.0 
64.0 
102.0 
112.0 
105.0 
144.0 
100.0 
152.0 
128.0 
140.0 
68.0 
64.0 
120.0 
152.0 
152.0 
51.0 
95.0 
