PortNum:5
LaneNum:7
Length_each_lane:
25 
25 
25 
25 
30 
30 
30 
OrderNum:31
SpotOrderNum:25
VehicleNum_each_Order:
3 
6 
4 
7 
7 
3 
5 
4 
4 
7 
8 
4 
4 
5 
3 
5 
5 
3 
6 
3 
3 
5 
6 
8 
5 
11 
11 
12 
10 
11 
11 
VehicleLength_each_Order:
1 
2 
3 
1 
3 
2 
1 
2 
1 
3 
3 
3 
2 
2 
2 
1 
3 
3 
1 
3 
1 
2 
3 
3 
2 
2 
1 
2 
2 
2 
2 
Origin_each_Order:
2 
3 
1 
4 
3 
3 
3 
1 
1 
1 
4 
3 
4 
1 
3 
2 
1 
4 
4 
1 
1 
4 
1 
1 
4 
3 
1 
4 
3 
2 
4 
Destination_each_Order:
3 
5 
3 
5 
5 
4 
5 
2 
3 
3 
5 
5 
5 
5 
4 
4 
3 
5 
5 
2 
3 
5 
2 
2 
5 
5 
3 
5 
5 
5 
5 
ShiftingCost_each_Order:
8.0 
14.0 
18.0 
8.0 
27.0 
14.0 
9.0 
18.0 
5.0 
18.0 
30.0 
21.0 
14.0 
18.0 
18.0 
7.0 
27.0 
15.0 
8.0 
30.0 
8.0 
14.0 
30.0 
27.0 
16.0 
16.0 
6.0 
16.0 
14.0 
16.0 
12.0 
Revenue_each_SpotOrder:
48.0 
102.0 
68.0 
126.0 
133.0 
57.0 
75.0 
72.0 
76.0 
105.0 
160.0 
68.0 
76.0 
95.0 
54.0 
80.0 
95.0 
51.0 
102.0 
45.0 
54.0 
80.0 
108.0 
120.0 
85.0 
