PortNum:5
LaneNum:7
Length_each_lane:
25 
25 
25 
25 
30 
30 
30 
OrderNum:31
SpotOrderNum:25
VehicleNum_each_Order:
8 
4 
6 
7 
3 
3 
5 
4 
6 
6 
4 
8 
8 
3 
6 
7 
4 
5 
7 
5 
8 
6 
8 
3 
8 
11 
14 
15 
11 
13 
10 
VehicleLength_each_Order:
1 
1 
1 
1 
1 
3 
1 
1 
3 
1 
3 
2 
2 
2 
3 
2 
2 
2 
1 
1 
3 
3 
2 
3 
2 
3 
2 
2 
3 
2 
2 
Origin_each_Order:
4 
3 
4 
4 
4 
4 
1 
1 
2 
4 
2 
3 
3 
4 
1 
2 
4 
1 
4 
4 
4 
3 
3 
3 
3 
3 
2 
4 
1 
2 
1 
Destination_each_Order:
5 
5 
5 
5 
5 
5 
4 
3 
5 
5 
5 
4 
4 
5 
3 
4 
5 
5 
5 
5 
5 
5 
4 
5 
4 
4 
5 
5 
4 
4 
3 
ShiftingCost_each_Order:
7.0 
5.0 
9.0 
5.0 
7.0 
27.0 
5.0 
5.0 
15.0 
8.0 
18.0 
10.0 
14.0 
12.0 
15.0 
16.0 
20.0 
18.0 
7.0 
6.0 
21.0 
30.0 
18.0 
15.0 
20.0 
24.0 
18.0 
12.0 
24.0 
16.0 
16.0 
Revenue_each_SpotOrder:
136.0 
64.0 
102.0 
126.0 
48.0 
48.0 
95.0 
68.0 
102.0 
114.0 
68.0 
144.0 
144.0 
48.0 
90.0 
133.0 
68.0 
95.0 
126.0 
80.0 
144.0 
96.0 
152.0 
60.0 
152.0 
