PortNum:5
LaneNum:7
Length_each_lane:
25 
25 
25 
25 
30 
30 
30 
OrderNum:34
SpotOrderNum:28
VehicleNum_each_Order:
8 
4 
6 
8 
8 
5 
8 
4 
3 
3 
7 
3 
5 
8 
8 
3 
3 
7 
6 
5 
3 
5 
3 
6 
8 
6 
4 
8 
10 
13 
13 
10 
12 
14 
VehicleLength_each_Order:
1 
2 
2 
2 
1 
1 
3 
1 
3 
3 
1 
3 
1 
3 
2 
2 
3 
1 
2 
2 
3 
3 
2 
3 
1 
2 
3 
1 
3 
1 
1 
1 
2 
1 
Origin_each_Order:
1 
2 
1 
4 
4 
1 
3 
3 
2 
3 
3 
3 
4 
2 
3 
3 
1 
4 
4 
2 
1 
3 
2 
3 
3 
3 
3 
2 
4 
4 
2 
3 
1 
4 
Destination_each_Order:
5 
3 
4 
5 
5 
2 
4 
4 
5 
4 
5 
5 
5 
4 
5 
4 
2 
5 
5 
3 
2 
5 
3 
5 
5 
5 
4 
4 
5 
5 
4 
4 
5 
5 
ShiftingCost_each_Order:
7.0 
16.0 
12.0 
12.0 
6.0 
9.0 
21.0 
7.0 
21.0 
24.0 
9.0 
18.0 
10.0 
15.0 
12.0 
12.0 
21.0 
8.0 
12.0 
12.0 
15.0 
27.0 
12.0 
24.0 
9.0 
18.0 
18.0 
6.0 
18.0 
6.0 
8.0 
7.0 
20.0 
10.0 
Revenue_each_SpotOrder:
152.0 
68.0 
96.0 
136.0 
128.0 
90.0 
160.0 
76.0 
54.0 
51.0 
119.0 
54.0 
95.0 
136.0 
152.0 
54.0 
48.0 
105.0 
96.0 
85.0 
57.0 
95.0 
57.0 
120.0 
160.0 
108.0 
64.0 
128.0 
