PortNum:5
LaneNum:7
Length_each_lane:
25 
25 
25 
25 
30 
30 
30 
OrderNum:34
SpotOrderNum:28
VehicleNum_each_Order:
5 
7 
3 
7 
3 
6 
6 
3 
6 
5 
6 
6 
4 
8 
6 
7 
6 
8 
8 
8 
3 
5 
4 
3 
7 
7 
7 
8 
11 
15 
13 
12 
12 
15 
VehicleLength_each_Order:
2 
2 
1 
1 
2 
3 
1 
3 
2 
2 
1 
3 
3 
3 
2 
3 
2 
1 
1 
2 
2 
1 
2 
1 
3 
3 
1 
1 
3 
2 
3 
1 
1 
2 
Origin_each_Order:
1 
2 
1 
4 
2 
3 
4 
3 
1 
4 
1 
1 
2 
2 
4 
2 
2 
2 
3 
1 
1 
2 
1 
4 
2 
1 
4 
1 
3 
4 
2 
3 
3 
3 
Destination_each_Order:
2 
3 
5 
5 
5 
4 
5 
5 
5 
5 
3 
5 
3 
4 
5 
3 
3 
4 
5 
2 
2 
5 
3 
5 
3 
2 
5 
2 
4 
5 
3 
5 
5 
4 
ShiftingCost_each_Order:
16.0 
10.0 
8.0 
9.0 
10.0 
21.0 
6.0 
30.0 
18.0 
14.0 
8.0 
30.0 
24.0 
24.0 
14.0 
27.0 
12.0 
8.0 
6.0 
14.0 
16.0 
5.0 
14.0 
5.0 
18.0 
24.0 
6.0 
7.0 
21.0 
10.0 
21.0 
10.0 
6.0 
12.0 
Revenue_each_SpotOrder:
95.0 
112.0 
54.0 
119.0 
57.0 
120.0 
96.0 
54.0 
108.0 
90.0 
102.0 
102.0 
68.0 
128.0 
114.0 
119.0 
102.0 
120.0 
128.0 
144.0 
57.0 
75.0 
72.0 
48.0 
112.0 
140.0 
133.0 
152.0 
