PortNum:5
LaneNum:7
Length_each_lane:
25 
25 
25 
25 
30 
30 
30 
OrderNum:34
SpotOrderNum:28
VehicleNum_each_Order:
4 
8 
8 
8 
7 
7 
8 
8 
4 
7 
7 
6 
7 
5 
4 
3 
8 
5 
6 
6 
8 
8 
5 
7 
4 
5 
3 
8 
12 
15 
11 
15 
12 
13 
VehicleLength_each_Order:
1 
2 
1 
3 
3 
1 
1 
2 
3 
2 
1 
2 
2 
1 
3 
3 
1 
2 
1 
2 
1 
2 
1 
2 
3 
3 
2 
1 
1 
3 
2 
1 
1 
3 
Origin_each_Order:
1 
3 
1 
2 
3 
1 
3 
2 
4 
1 
3 
2 
2 
2 
2 
4 
3 
3 
4 
1 
4 
2 
1 
1 
4 
4 
2 
4 
2 
2 
3 
2 
1 
3 
Destination_each_Order:
5 
5 
4 
5 
4 
3 
5 
3 
5 
2 
5 
4 
5 
4 
4 
5 
4 
5 
5 
4 
5 
4 
4 
3 
5 
5 
3 
5 
4 
5 
5 
5 
4 
5 
ShiftingCost_each_Order:
10.0 
16.0 
8.0 
21.0 
21.0 
8.0 
7.0 
14.0 
27.0 
12.0 
5.0 
10.0 
16.0 
9.0 
15.0 
15.0 
6.0 
10.0 
10.0 
18.0 
5.0 
18.0 
8.0 
10.0 
27.0 
15.0 
18.0 
5.0 
9.0 
21.0 
16.0 
8.0 
8.0 
24.0 
Revenue_each_SpotOrder:
60.0 
136.0 
128.0 
152.0 
119.0 
140.0 
128.0 
136.0 
76.0 
133.0 
119.0 
90.0 
112.0 
85.0 
76.0 
54.0 
136.0 
95.0 
108.0 
114.0 
128.0 
128.0 
75.0 
126.0 
68.0 
90.0 
60.0 
120.0 
