PortNum:5
LaneNum:7
Length_each_lane:
25 
25 
25 
25 
30 
30 
30 
OrderNum:37
SpotOrderNum:31
VehicleNum_each_Order:
3 
4 
8 
3 
7 
3 
6 
7 
3 
4 
8 
8 
4 
5 
3 
7 
5 
8 
3 
3 
3 
5 
5 
6 
5 
6 
8 
8 
8 
3 
3 
11 
11 
10 
13 
11 
14 
VehicleLength_each_Order:
3 
2 
1 
3 
2 
1 
2 
3 
2 
3 
2 
1 
2 
3 
1 
1 
3 
2 
2 
2 
1 
1 
3 
1 
2 
2 
2 
2 
3 
1 
2 
1 
1 
2 
1 
3 
1 
Origin_each_Order:
1 
3 
4 
3 
2 
3 
4 
1 
4 
2 
2 
4 
4 
4 
2 
4 
3 
2 
4 
3 
1 
2 
2 
3 
1 
2 
1 
2 
3 
1 
1 
2 
1 
4 
4 
3 
4 
Destination_each_Order:
3 
4 
5 
5 
3 
5 
5 
5 
5 
5 
3 
5 
5 
5 
5 
5 
4 
3 
5 
4 
2 
3 
4 
4 
3 
3 
3 
5 
5 
3 
5 
3 
4 
5 
5 
4 
5 
ShiftingCost_each_Order:
18.0 
16.0 
6.0 
30.0 
14.0 
7.0 
16.0 
24.0 
16.0 
30.0 
14.0 
6.0 
10.0 
24.0 
5.0 
6.0 
27.0 
18.0 
12.0 
18.0 
9.0 
6.0 
30.0 
9.0 
18.0 
14.0 
20.0 
14.0 
27.0 
8.0 
14.0 
7.0 
6.0 
20.0 
9.0 
21.0 
9.0 
Revenue_each_SpotOrder:
57.0 
76.0 
152.0 
54.0 
126.0 
51.0 
120.0 
133.0 
48.0 
80.0 
136.0 
136.0 
64.0 
85.0 
54.0 
133.0 
80.0 
152.0 
54.0 
48.0 
57.0 
85.0 
100.0 
108.0 
85.0 
102.0 
120.0 
136.0 
136.0 
48.0 
51.0 
