PortNum:5
LaneNum:7
Length_each_lane:
25 
25 
25 
25 
30 
30 
30 
OrderNum:37
SpotOrderNum:31
VehicleNum_each_Order:
4 
6 
6 
7 
6 
8 
4 
4 
3 
5 
3 
7 
6 
8 
5 
5 
3 
6 
4 
6 
8 
7 
8 
8 
4 
5 
5 
6 
6 
6 
8 
15 
12 
11 
10 
12 
10 
VehicleLength_each_Order:
2 
3 
2 
2 
1 
1 
3 
3 
1 
2 
1 
1 
3 
1 
1 
2 
2 
1 
3 
1 
1 
2 
3 
3 
3 
1 
3 
2 
2 
1 
3 
1 
1 
1 
2 
2 
2 
Origin_each_Order:
2 
2 
2 
3 
4 
3 
1 
2 
2 
1 
1 
4 
4 
2 
1 
4 
1 
3 
2 
3 
2 
2 
4 
2 
1 
1 
4 
2 
3 
4 
2 
1 
4 
2 
2 
4 
4 
Destination_each_Order:
5 
5 
3 
4 
5 
4 
3 
4 
4 
5 
5 
5 
5 
3 
3 
5 
3 
5 
3 
4 
3 
5 
5 
5 
3 
3 
5 
5 
4 
5 
4 
4 
5 
3 
5 
5 
5 
ShiftingCost_each_Order:
12.0 
27.0 
12.0 
18.0 
7.0 
8.0 
24.0 
24.0 
7.0 
16.0 
7.0 
6.0 
27.0 
7.0 
8.0 
14.0 
16.0 
9.0 
18.0 
10.0 
5.0 
12.0 
15.0 
30.0 
15.0 
8.0 
15.0 
14.0 
18.0 
7.0 
21.0 
9.0 
7.0 
7.0 
10.0 
18.0 
16.0 
Revenue_each_SpotOrder:
76.0 
108.0 
96.0 
119.0 
96.0 
152.0 
60.0 
68.0 
51.0 
85.0 
48.0 
140.0 
102.0 
152.0 
80.0 
90.0 
54.0 
96.0 
72.0 
114.0 
128.0 
140.0 
128.0 
152.0 
72.0 
95.0 
85.0 
114.0 
108.0 
102.0 
144.0 
