PortNum:5
LaneNum:7
Length_each_lane:
25 
25 
25 
25 
30 
30 
30 
OrderNum:37
SpotOrderNum:31
VehicleNum_each_Order:
4 
3 
7 
8 
8 
4 
6 
6 
7 
4 
4 
3 
4 
5 
4 
5 
7 
4 
6 
7 
8 
6 
4 
8 
3 
8 
3 
6 
7 
7 
3 
15 
12 
14 
12 
15 
13 
VehicleLength_each_Order:
2 
3 
2 
1 
1 
1 
3 
2 
1 
1 
2 
1 
2 
2 
1 
1 
1 
1 
3 
3 
2 
3 
2 
1 
2 
3 
1 
3 
2 
1 
2 
2 
3 
1 
3 
1 
2 
Origin_each_Order:
3 
3 
2 
4 
2 
4 
2 
1 
4 
3 
4 
1 
2 
2 
3 
4 
1 
1 
3 
4 
1 
2 
3 
2 
2 
1 
2 
4 
2 
4 
4 
1 
3 
3 
2 
2 
1 
Destination_each_Order:
5 
5 
3 
5 
5 
5 
4 
2 
5 
5 
5 
3 
3 
5 
5 
5 
3 
4 
5 
5 
2 
3 
4 
4 
3 
5 
5 
5 
3 
5 
5 
2 
4 
4 
4 
3 
3 
ShiftingCost_each_Order:
18.0 
27.0 
16.0 
7.0 
6.0 
8.0 
21.0 
14.0 
5.0 
8.0 
16.0 
6.0 
12.0 
12.0 
7.0 
8.0 
5.0 
7.0 
24.0 
21.0 
12.0 
15.0 
10.0 
6.0 
20.0 
18.0 
8.0 
15.0 
16.0 
6.0 
14.0 
16.0 
27.0 
7.0 
18.0 
8.0 
14.0 
Revenue_each_SpotOrder:
68.0 
51.0 
126.0 
128.0 
128.0 
72.0 
114.0 
114.0 
140.0 
64.0 
64.0 
45.0 
80.0 
85.0 
64.0 
95.0 
105.0 
72.0 
90.0 
119.0 
128.0 
96.0 
76.0 
136.0 
54.0 
152.0 
57.0 
102.0 
105.0 
105.0 
48.0 
