PortNum:5
DeckNum:1
LaneNum_each_deck:
4 
Length_each_lane:
10 
18 
18 
10 
OrderNum:19
SpotOrderNum:11
Information_each_order:
5  2   6.0   3   4
5  1   2.0   3   5
9  2   6.0   3   5
8  2   6.0   4   5
9  2   6.0   3   4
6  2   6.0   4   5
8  1   2.0   4   5
5  1   2.0   3   4
6  2   6.0   4   5
7  2   6.0   4   5
6  2   6.0   4   5
16  2   6.0   1   3
7  1   2.0   1   3
3  2   6.0   2   4
3  1   2.0   2   4
3  2   6.0   2   5
2  1   2.0   2   5
10  2   6.0   3   5
2  1   2.0   3   5
ShiftingCost_each_order:
42.0 
24.0 
58.0 
50.0 
54.0 
48.0 
27.0 
20.0 
50.0 
46.0 
60.0 
44.0 
23.0 
56.0 
26.0 
52.0 
30.0 
54.0 
21.0 
Revenue_each_spotorder
390.0 
190.0 
522.0 
560.0 
504.0 
324.0 
304.0 
150.0 
360.0 
392.0 
420.0 
epsilon
0.7 
1.0 
0.7 
0.7 
