PortNum:5
DeckNum:1
LaneNum_each_deck:
4 
Length_each_lane:
10 
18 
18 
10 
OrderNum:19
SpotOrderNum:11
Information_each_order:
8  1   2.0   4   5
10  2   6.0   4   5
6  1   2.0   4   5
10  1   2.0   4   5
9  1   2.0   3   5
6  1   2.0   3   4
10  1   2.0   4   5
7  2   6.0   3   5
10  1   2.0   4   5
9  2   6.0   4   5
10  1   2.0   3   4
9  2   6.0   1   3
21  1   2.0   1   3
3  2   6.0   2   4
3  1   2.0   2   4
1  2   6.0   2   5
6  1   2.0   2   5
5  2   6.0   3   5
12  1   2.0   3   5
ShiftingCost_each_order:
26.0 
60.0 
20.0 
21.0 
29.0 
24.0 
27.0 
46.0 
27.0 
54.0 
23.0 
54.0 
20.0 
60.0 
20.0 
44.0 
24.0 
50.0 
26.0 
Revenue_each_spotorder
296.0 
560.0 
156.0 
270.0 
333.0 
192.0 
360.0 
406.0 
310.0 
558.0 
300.0 
epsilon
0.7 
1.0 
0.7 
0.7 
